2000
479112606561182 34 38
124 97 77
10 72 62
79 56 66
30 21 53
649366 42 93
106134862533 55 30
120 26 51
596 66 9
134 38 99
876967 4 51
555555 4 98
144 95 65
51 39 59
84 48 17
2 74 34
85100 46 14
54528006 39 96
88859173 86 79
37 59 32
47 5 38
78658300119 93 58
4338 74 68
40 65 81
22 10 66
715 24 4
80577 35 33
973413125427615 91 75
109 64 30
719506 40 1
46 62 82
123 79 19
6 39 21
96030 73 5
82 64 96
110 24 81
994507 80 1
81 49 28
38 59 9
5 25 35
131 29 57
9 33 63
562603640169 4 77
858 12 93
46 55 32
128 16 31
19 27 75
244109254165504 37 37
86 17 69
662 11 7
301814 48 19
539600720 50 97
111 53 45
55 43 88
38275 27 58
18 94 13
109 53 59
138 16 65
138 41 60
6751 32 80
91 43 53
10 14 10
26 84 15
424880526230640 31 53
727847584163642 39 14
527078071728 91 49
138 35 8
90280755204625 18 72
3 96 50
99 4 46
71 47 93
20 96 25
30036521 83 7
63495955540 21 32
139 96 78
125 92 77
9 69 11
493215 28 10
47461711050 73 73
117 86 63
9356410953893 99 65
15 75 11
45654704565 47 85
100 3 81
50384327 1 31
128 73 7
102 17 66
53 75 44
84309147620040 36 87
5680201482 57 88
132 77 43
75 80 33
9 24 70
85 71 11
58 71 78
57411948 85 99
5422 43 55
520117 28 7
58062790 45 43
5103199138252 53 70
44011014 72 70
7307409 37 27
693881714749 89 68
143 22 65
691704479312089 87 0
30 91 96
2 25 14
91 67 21
91 66 44
102 37 11
5 77 88
76 11 4
25 30 63
147 73 61
44 88 1
272 94 12
100 90 3
28 83 54
146 59 3
1269073 23 67
43275 74 78
66085 40 39
45765556 57 4
44 67 57
774831751548845 81 85
8747 87 71
90614937 18 89
32 71 39
80 50 74
138 99 16
451090542707 25 24
120 34 52
136 50 83
4354 80 92
3519919143559 84 23
5088606 27 74
119 78 39
646 87 1
712631 85 60
65668 93 98
23 88 29
593 62 66
114 48 21
103 84 62
77 29 60
112 39 15
458900906816958 39 67
751636323629930 23 88
983521023752 91 91
142 84 18
19 30 98
3 29 50
70845146 42 81
123 38 22
125 84 98
13159246073 75 34
120 28 44
129 83 53
366559453 89 30
71 93 34
52 13 29
3710451301 95 90
15 30 95
424112052972455 16 40
111 78 89
8 43 81
90 14 49
100128233991 36 61
57224927590 96 42
102 63 61
96380552523556 91 43
2 67 44
16 99 78
616998936 35 81
25 46 87
701115163913 62 45
146 44 60
309167269 1 50
71 54 85
89 56 71
71 97 35
124 64 60
74 96 42
109538 9 71
83 58 23
118 99 24
7469 87 92
43662048872717 97 11
926678433 52 37
114 3 49
15 26 76
1 80 18
963261056637138 4 93
38 59 4
6867098288 84 24
79 71 62
139 70 42
4 47 16
438 50 72
90 10 96
29 88 96
481 28 25
62 71 1
7 17 91
150 74 3
112 62 17
64 1 52
33434 94 78
2 58 26
883 31 57
4 74 15
35 44 62
267737 40 56
17354727564374 13 89
55 80 20
5355014 46 54
16280 72 85
85604520 41 39
739898029 53 98
78 63 18
97 49 6
79164017846 45 11
66 97 30
130 62 64
9256557 44 41
390914 60 7
40703292826482 77 72
8 77 35
56 31 89
967786069941200 6 0
466565107223 11 32
768217 91 74
149 80 31
93 64 6
3931327770 45 23
100 61 43
3890293477 21 10
2092935 1 36
47214078406266 83 0
4 29 17
46 47 34
6 65 6
64524613348007 7 45
17 35 3
49849 24 22
5 81 71
50214693567683 67 63
107 53 62
102 54 80
57 99 72
48487 39 51
66 22 49
78 93 50
33 63 19
2 40 32
54665 76 28
425493782228 99 24
859187961 88 24
79475 69 45
24 98 17
146 38 54
113 56 63
123 62 27
51 43 11
3793301032 83 28
104 97 54
552207 36 59
4 11 21
18 46 97
78 69 10
8288 79 50
8 81 30
115 79 37
633999674166137 81 92
3 50 89
123 16 36
7355834 47 74
89454195438 99 29
230740990194496 40 81
119 27 27
135 42 1
131 91 73
9623225466946 17 87
19981483 79 19
102 33 45
7355426 49 58
21 40 79
13 21 81
517653524 30 1
8 8 36
99 92 24
57355342293745 86 0
523938608164681 85 100
102 82 36
1 4 72
18257005711904 88 91
111 48 76
22 72 26
16 93 12
7 47 52
21 6 53
5189 36 46
93 24 5
84213431590 87 26
476980885986615 20 100
3 18 47
34 17 42
5 41 6
416 68 43
91 29 34
66 21 10
2156857028381 29 84
116 44 24
511025350582334 47 48
1 50 48
99 65 20
53861032094 20 75
1 86 50
4 75 95
122 59 53
135973319801196 9 4
126 54 41
69655 69 71
2 40 20
81 83 4
110 16 30
7 94 41
68593827965171 35 60
146 35 30
9359396 64 43
117 46 82
40456 99 76
6127966107659 22 8
80 32 4
116 29 82
62 40 37
9702 99 58
1 89 0
7393958467990 64 95
90 13 10
69953656 12 2
6 54 25
3267105 3 54
830930 59 19
454637598138663 99 0
8799382 50 57
799854 26 42
3475208545 9 42
8912132811210 70 35
406942948141127 62 100
4116080589 67 52
95 22 91
15 87 96
65 76 26
62 48 57
3 20 35
23 94 70
911 52 17
143 70 39
894 83 44
126 8 3
80 93 77
75 24 63
50 62 83
1792449916767 62 33
459897 38 22
328 42 43
241 61 10
63 31 24
142 8 89
4157 48 13
6903941546 26 91
3317089232834 3 16
41202097387 83 56
16 84 14
100 23 45
447902871631460 90 49
129 76 6
115 6 57
525164535 81 80
78 87 21
3782413930973 23 25
3 87 99
96 9 92
15687884333 65 47
7970025871 28 41
24 70 53
1882 68 37
27237981 99 99
26 93 84
4879298 68 57
321 61 77
6 57 42
78 59 78
44470420373 47 16
41 89 13
3 52 94
5701 94 68
90784432 62 92
46117267992 60 11
3482596945 0 100
9 77 49
3480330 81 46
41163 92 61
96 11 24
594495836 21 65
119 91 70
37 9 11
9163952693 74 69
53 66 13
83499214 6 9
30 26 41
27 76 25
961011609138 21 94
10225267232198 86 18
44 59 44
27 26 9
4 44 5
26 93 75
481234 69 34
2774432906 61 21
79 35 2
10 14 24
61 35 60
7 38 4
125 44 40
58 58 88
4604397306 31 28
80 84 65
139 79 17
2 75 15
107 85 59
63 41 58
126 43 7
121 78 31
3 69 80
47 83 5
4102819347142 50 22
847682052556641 94 92
188 3 42
23 62 9
11 25 13
62 88 26
80643539 13 60
6854568 42 15
803575247 96 3
97332806088946 76 15
76 16 24
86 37 1
5494 71 46
676480862740 44 8
98 67 51
2301960924829 79 66
28 20 80
62 39 54
9703187 1 45
110 14 7
428583559888310 27 54
121 49 37
30 89 26
1 37 71
138 64 10
23 5 27
135 3 80
57 11 25
49 54 98
3393269 14 25
141 41 76
68 36 41
76 51 1
6 21 16
90 87 56
7751815754 89 55
120 95 67
516441705463304 46 100
96014381262 36 97
61 26 77
17415687 38 22
141 67 70
59147589 80 54
126 30 25
141 32 2
12 33 70
95759580374226 52 81
3046 88 81
10 37 51
4 25 10
31 24 54
106 66 86
97 20 12
141 15 30
77 75 21
17286 57 5
96 83 67
61 51 98
58 16 22
9 93 72
549082336 81 93
2940 69 2
498 27 7
9277551116 31 53
77659829 15 33
71397 49 66
8 30 21
1 21 100
7471154368171 35 77
102 77 92
123 86 88
90 35 94
14 94 10
6232 76 42
94 77 22
9155735963 48 22
111 55 72
11 10 47
4790621 5 32
5090 9 48
45846383301 8 10
72 44 40
150 7 36
48306 32 49
288676 76 7
47532 49 6
102 39 78
7745985377109 8 68
36 72 29
12490940375573 89 13
7 46 11
81 26 11
34631430 99 89
2324143 39 19
17621242632370 65 10
2600 58 60
27 14 51
5113 99 64
7 36 12
84 28 85
8382 72 98
56 2 49
790845331 60 16
64 62 37
86191676 21 14
95 63 57
13 53 27
94 78 21
32 9 71
3804807947 23 3
4371535 67 60
7277492245348 38 47
88 44 28
74 99 53
449490091 40 59
35 81 29
62 74 93
18 62 67
139 25 24
93 28 56
149 73 56
90 40 70
77 62 94
55799856003 94 5
78 24 9
81 13 76
62 41 14
77 55 23
36 6 36
5242277000 24 30
5 20 59
78379 57 91
5946 94 60
117 91 41
112 83 34
47 79 52
16 76 49
76 6 88
87476979 13 87
93769 36 86
118 54 78
2 25 75
179039857778 67 85
71 75 52
50 85 53
6569179 48 58
86 57 50
825198720690156 29 8
79 94 20
11 51 42
3899 45 76
7743957758161 99 40
36291455112889 12 99
97 55 86
107 27 34
104 48 52
3494305912 59 71
3 61 16
44 83 57
19 5 71
53 53 12
27 50 61
35514 12 91
23 3 8
71687794791 86 36
143 11 63
56 55 19
114 48 49
511372995812 12 85
2206504 77 38
591593306649336 65 71
25698627 57 92
84 78 70
110 29 3
699340 76 45
69 94 7
5313850029940 93 6
6497 77 55
53 79 30
145 15 59
4 53 70
56 34 35
24 16 78
71 43 39
715721 14 44
132 84 47
529134955 11 47
140 87 47
49 82 52
668603540076069 83 100
57 97 16
25 49 68
38998228 39 66
2 62 81
63 40 6
118 82 88
2 50 87
55 29 45
74 60 73
854122783083 9 47
799721 14 20
90 70 63
35 74 5
67693524405 92 55
520439477389091 50 0
63143 46 97
428829631591515 92 100
9098209139247 75 32
94 35 96
4 76 93
2 50 7
71 74 40
54018743 35 33
91856180 89 72
1630616 12 17
39 3 45
25785798195921 55 87
8 2 98
7198960850 71 79
979687 53 48
12 65 97
135 94 48
70232364 47 6
99 14 66
710 58 11
14 76 12
410046 92 73
9977928584 39 36
4 30 34
25 65 78
8791417949683 76 3
102 93 69
2 32 26
273147552 26 24
61 16 41
5809 52 23
8372245 39 31
4 22 57
169 93 13
143 43 18
849107499017 15 13
144 97 34
58 22 45
47 19 97
142 72 76
2 4 79
120 94 18
46 98 54
485 79 2
136 29 48
73794281560 80 96
101 46 84
149 55 12
2 57 75
12 76 96
474569 93 60
22 13 58
7138 19 21
118 62 96
48625 98 64
379 77 57
126 60 85
60 24 20
53 92 19
123 49 62
633563424901631 13 0
93 3 47
141 86 24
3 24 85
220790731687208 49 42
17 54 14
25 38 38
18 71 27
54 10 62
106 42 40
5 21 94
86 95 28
111 39 83
39 11 66
35 89 32
62 81 85
452 1 49
69224450298196 94 1
73 93 58
443970805304042 82 48
141 83 26
121 86 57
50 35 58
2 91 38
15 93 57
6857119031 70 44
623929 3 54
5 54 63
74 23 86
10 14 19
273509 16 48
63587015 93 39
129 58 99
69 91 54
7 24 76
121 4 71
2420323494 51 74
595271106 97 56
838531766805008 89 47
2096 13 40
69132930291338 51 99
135 9 32
133 61 27
4796890577 41 12
881433650 64 77
135 3 76
100 17 12
283261062 93 89
71 20 25
16 3 81
103 9 58
8608 82 29
85 55 57
49 55 31
143 76 52
122 32 77
370367254 1 13
65124 91 40
64 70 96
859196605023892 46 100
121 50 39
9 16 5
9647764992812 63 100
457 48 89
34 91 31
445657545 44 31
993786728031 64 76
114 64 48
3731768508 69 93
135 88 78
100 73 67
33 38 84
122 35 53
6305168436 1 24
36 98 69
23 12 49
135 96 53
14 1 76
2 29 52
94253657960119 82 21
86644583461 60 83
6 97 66
117 46 32
24 64 11
1 50 61
907862735697244 88 87
52 69 81
38 50 18
221421164182 78 96
55932823 64 49
74 43 45
704722 88 71
7149 6 25
581 63 87
53451837717 83 31
16 96 67
88017 11 1
18 69 5
4 22 9
62 90 26
244556886193865 22 0
51711776306453 37 84
50 81 91
103 38 33
26 60 43
2172125243969 75 96
45098590453062 56 98
140 48 16
137 60 30
160 6 63
68 94 6
5891875904 53 70
439 78 79
64 24 97
94 84 66
64 42 82
177247767 66 42
82 33 63
70 41 83
8142 90 9
9653287546628 23 67
5 90 42
27 83 72
549378533075 51 92
57807 92 62
20 39 42
23 92 43
10841 43 54
105 97 72
784131756 45 3
60 87 91
143 53 82
114 2 88
630 79 38
126 77 30
52387091950710 52 56
5 23 80
85 71 36
39 36 37
63 59 79
6 60 6
45 99 57
7887934275 74 18
84 56 68
2144 60 56
76 85 43
5 96 26
33 90 4
973082 77 64
7108 64 90
38 93 40
636196329286 5 72
4779286689658 90 20
24252353682 3 6
43 9 83
14 21 39
99 71 10
28163500 95 28
94 70 99
53 69 28
722888933 22 32
19 46 57
5 22 93
94978797930 38 22
55 99 31
79 15 39
3 6 22
717668621444819 4 0
46 29 7
7382 18 27
3433781 76 36
23 99 67
93 6 77
388 50 20
50 25 85
59 87 53
98016380537081 56 1
102914390 57 12
38 53 81
66 29 6
20 30 81
31 59 77
122 81 17
7 52 32
6 72 6
102 3 16
48 81 82
4221467 73 90
83 21 64
119 18 61
84 12 44
6 53 41
10 89 64
47 1 36
16 19 59
44893 98 51
68 82 45
55 58 35
42 4 33
1000000000000000 44 0
312992772 96 86
4 73 78
2 30 17
739896815025041 14 67
7463675649 74 65
14 59 52
15 48 17
944907751206185 49 0
3764532686 27 33
335630016385670 71 35
714 79 7
6735 33 26
7393 49 12
58 73 42
102 56 13
649670088 75 52
20 5 56
6 76 11
59 72 84
94 47 33
128 45 78
7234788696222 11 40
19 52 89
86 21 12
142 80 42
138 19 43
6234273 44 11
988 22 43
34142462939575 69 94
63049257 69 97
21822871717887 9 58
10 2 99
57 78 68
335 30 12
66 25 36
130 13 93
150 86 66
146 95 90
129 19 63
260005224531734 85 52
11351744 69 42
97698859497 79 14
8 41 26
2 88 65
227182798 69 66
131 27 17
6492 82 47
910 16 50
6 68 53
1000000000000000 17 71
48 26 16
2950774688741 13 66
40 15 49
73 51 44
93 95 23
43 84 10
42 61 8
535626961084311 63 77
40643684 34 30
61 30 74
77 3 85
4104748 2 3
55 16 42
74 13 74
50 75 18
142 47 44
61 53 75
7312 26 97
74 79 81
19 13 70
24594 90 44
1629409138654 29 34
86 33 92
521374654 26 75
79 33 80
3 14 85
104 46 53
69 7 53
67 87 93
1467909311 4 23
66 76 74
465581 60 80
82673944 23 92
97 52 33
985904435341 94 54
10 55 28
120 47 91
56361423561 73 9
99 19 47
93 87 15
101 12 16
105 14 19
5 89 63
137 84 11
110 92 79
3403 39 85
10 94 44
109 92 5
520257897 45 30
730541819264962 15 35
98 81 26
24779543 80 69
16 98 43
93 1 63
46284848 84 54
95605 92 17
105 6 98
40 41 63
47247201 44 41
3581 59 16
103 17 73
241153 56 88
40 91 9
7643 20 64
1413846 82 91
137451980509343 59 9
4021 23 76
13 88 89
638 64 87
58 94 43
69 21 26
973 6 5
71 45 51
5736 8 12
99 35 99
78 44 27
424673637 40 4
8 45 98
3 9 97
51971801346 23 75
25 66 82
84747588792171 39 74
34 93 94
3192902419986 12 31
125 90 47
73381812796 61 86
516415591011 13 29
238539419207622 6 62
68 3 21
146 57 73
34 71 17
698358534 97 30
50 28 43
315527963655 92 12
53 60 68
56857210296311 39 30
3202841652 8 49
51 28 90
75225 30 79
4 7 23
117 69 23
683 69 1
282 50 84
16 33 39
84 46 63
443588 19 39
623366395021401 65 100
6093040 60 36
61 49 6
7 5 53
13 18 64
120 23 60
29 11 20
4052442855 9 11
57 22 88
6612 98 49
67947965397 83 34
31614843081487 84 54
3447 11 61
6991 74 32
82 74 64
359470727186549 29 87
65 46 58
98 23 58
97 89 55
68 29 88
88 98 89
55 91 51
130 1 4
18133327 41 50
135 33 8
625279944003575 95 100
132 73 76
17 49 60
61 61 64
49895380126 5 18
63 81 96
40 77 56
733566622 49 73
8 12 29
32 13 93
2698 17 26
21198 63 3
22 66 45
675 66 76
74 93 14
114 63 13
125743 69 5
95 6 56
4439616 65 28
7151096501049 67 65
503916197049635 7 53
6231547 28 27
504 80 22
106 70 94
140 17 24
859787124069829 32 0
6 17 92
134 91 98
116 69 54
872234578914560 37 100
73 71 98
4 75 87
254965200061 34 71
125 99 52
8 74 54
107 28 28
4856101640491 98 94
7008 8 45
84247 71 63
987 66 8
71984853 75 84
118 4 33
30 5 41
127493210587612 50 100
54 78 11
145 12 27
599769 69 21
94 42 46
71 49 44
5113 7 3
21608640367 65 81
94 7 64
3480156717433 15 81
976979933 54 77
24 8 8
66 36 8
5 90 3
56 49 52
105 3 71
50 62 14
20678251080833 81 86
11 39 21
52 20 60
845008388763 30 23
60608208855 56 3
37635596166070 69 91
135 77 83
18 31 17
2783444 98 43
85165861 18 26
11 62 35
57 22 56
32 31 43
89421601 5 57
100 64 41
627236489247 30 28
81310251 54 79
964570392 32 26
72 16 65
96 95 92
731902010021617 19 77
10 99 61
68 25 50
96396627867 17 84
65936 23 91
154362 8 62
9370897244797 1 3
102 18 6
151513 82 45
108 4 26
73704226762 98 82
2421037690 3 56
140 54 6
7 57 82
11 68 44
901123 77 64
67380082 64 78
46 24 35
113 77 43
5957678 60 91
1463908 4 52
763454 34 6
989436616 59 11
3046451733333 83 60
42691 5 32
3514748505973 30 48
138 18 62
138 75 9
31 95 20
59 82 8
211426 22 47
42 90 47
131 51 6
315608674116 48 42
34 13 50
80 31 14
144 34 60
742298855 70 17
150 60 97
18 76 73
96 85 29
9 52 72
6689844826675 79 55
150 77 68
108 51 23
117 39 72
137 94 89
29 95 93
22 48 28
51330649785917 34 95
642 55 72
7626344472226 13 24
96128 72 93
90 91 96
131 17 42
111 65 41
38 31 64
87 22 53
74 18 26
11 61 96
15 89 22
563612075084 68 3
46 29 33
68 98 38
106 1 6
4 75 43
63 64 63
28 60 34
375287 33 58
97541120 3 88
57761386099824 21 99
10278253115 53 96
29 2 1
69 72 81
291 29 44
802364663240 71 56
127 44 95
31 86 16
207738765734461 15 83
917821459058332 93 36
122 23 9
49 75 53
121 62 17
533880539 45 74
24 19 36
1 92 78
117 88 98
94 18 97
9 68 76
119 98 61
97 74 91
38 43 37
58 56 95
4 30 55
4 46 71
17376 44 34
25 7 93
829723755331 64 71
75 63 65
1 7 17
51 0 0
200166504 6 32
116 11 94
63766018032270 89 69
1 38 6
42 24 57
34289268 37 27
2688 28 31
607340703408922 69 100
92613622917 71 46
142 9 49
107 59 60
21 34 70
96 21 58
119181039 38 71
122108734 60 95
689781047 59 43
54 78 76
148 36 46
6036 34 58
83 8 66
21 55 20
4580 63 49
117 57 43
49 5 97
33 44 4
90 51 87
80 62 90
816038619840176 51 26
9689673511858 90 17
117 54 23
83 52 73
95 27 37
876080000848 16 15
791 27 30
60 94 41
133 51 74
4909 61 18
25362 98 82
33 93 70
52 58 24
120 49 7
30022 42 65
8045609008160 42 45
116 92 35
1879800 10 31
841364547014642 25 2
100237670307578 9 29
6004 25 14
27 31 21
4322611430 83 37
59 23 56
33 69 26
89106834316 46 12
53 13 73
43533392179 15 58
145 99 36
299966 80 15
33 7 76
27 62 33
819 84 7
7326147961449 27 1
99 43 34
15 90 74
844072699 11 98
146 23 64
78 59 30
374538673045 42 65
77 55 96
115 22 81
6 14 32
1410648002 2 71
88 13 32
3476 92 36
14 37 29
57 62 57
33 36 47
64 58 53
869667373248817 86 0
29 21 88
5295340985645 27 8
43 78 97
97 34 9
83 1 58
104 9 85
25 14 1
822740304222543 47 100
4 41 27
79 35 32
155242309405 94 67
6 90 59
22 21 68
46 55 94
17 24 2
89382591 47 18
53 3 84
71 24 79
92 9 49
96 78 49
55649188 92 35
1 8 41
5730 79 43
877160383 69 92
37 43 27
8 52 53
2928 94 1
150 23 9
74 51 52
732080918070747 74 100
547 39 82
989495 90 1
5040018450931 9 23
128 29 66
50658148018359 13 83
262125394081788 63 91
28785724527 22 99
53 39 32
109 62 66
95 25 7
44 12 34
822 67 44
44374753819 6 84
144 64 37
848657679149 36 19
44 2 66
115 97 27
9376935 65 68
111 75 59
269252622526 18 32
78 49 98
13 55 19
8084582 96 86
56 90 52
32 50 8
5975671871758 13 7
32 12 86
30 10 87
84 39 68
61512102 29 23
568806709440 10 87
20 83 42
122 47 55
87 57 88
7169 17 97
73604652 4 6
80 95 77
94479949083774 60 77
627192979 97 46
38880000938 21 1
797 78 48
4169939706 37 85
133 96 64
140055 51 71
54 19 91
46386223417087 37 66
78 3 82
2859 86 87
63 34 31
17 5 69
88588675023 53 78
332237757 94 31
39 44 45
145 54 24
146 55 82
83 93 90
3577 98 94
8 60 61
58 42 12
6 36 11
983 92 50
17 48 84
274670 97 89
9 66 49
8872997 8 12
6 29 4
134 53 83
5283 61 35
3 29 17
58 99 95
27 56 6
690236755239 27 16
785969 29 94
108 5 63
77 63 58
5 77 21
4742704 27 23
5291 84 50
93 34 55
20 11 7
92 97 7
100 28 60
169 6 39
564424239389131 82 100
1293 56 28
10 69 4
49 40 43
54 72 28
53 95 49
121 36 4
147 96 2
3 78 74
141 79 81
139 44 10
165626 37 75
111 6 96
144 18 29
150 28 53
10 11 35
4648954302 85 91
110598755119335 88 0
6960 18 33
52 95 87
133 11 99
144 98 8
42 79 23
11657 77 67
717 30 40
70 13 57
541759380 99 84
24 36 73
40 78 66
111 34 87
363861589858652 17 0
26 89 84
98 69 78
114 24 5
114 34 2
26 48 18
24 92 7
1488528306 55 38
301188748026777 42 3
564170559420 13 21
34 49 40
260 93 43
88 33 98
9346 69 15
129 43 71
71 76 49
134 16 59
2 50 68
31 21 40
16 91 73
1910230184760 55 88
230 38 84
67 18 80
6 49 1
146 96 56
40 66 37
62 87 49
21 75 90
2281707562 28 21
106 66 26
46 69 37
63 67 25
544858 99 70
125 25 63
36 3 84
41 70 56
67289342283579 45 69
5 79 80
31263905284940 61 16
125863969733569 53 0
697988879 54 95
53939072841578 38 100
37 11 35
1913 18 82
28 40 92
129 80 44
896495638 31 60
54 92 24
781469 12 99
121 85 32
102 97 34
7305621146499 31 41
2 51 14
5 80 78
5 12 37
653323312 29 90
15 39 69
140 9 20
68 17 32
3 69 35
513053 31 29
58 24 6
138 53 82
57 78 12
922583683042698 25 2
71 10 59
9 96 4
148 92 42
10 37 72
28486 75 65
1664 55 61
119 19 50
143 83 90
89 34 78
143 10 80
59755601926856 55 42
104 48 20
257988 45 32
146 97 60
733826 98 95
149 55 54
98 27 66
60 5 92
415436496192102 64 16
653 60 14
2217525 49 19
136 59 44
126 63 50
103 4 9
9381838291 52 61
459418498 98 65
692982787013 64 51
840729489434574 100 100
126 20 31
37463829961477 54 39
86867734617204 31 77
4349168596062 40 27
107 52 46
113 98 28
486267220482 93 3
968516886123503 64 93
86 65 55
100 5 83
5 80 94
18 50 63
18842090 60 84
94 32 27
1920986 26 18
111 40 57
463009214594 59 51
70 18 55
78 26 63
76 63 71
55 58 54
5 85 36
115 59 51
64 17 72
675966937680 62 61
127 83 14
68 26 77
81937 93 81
19 95 91
82 37 3
9 97 92
1 68 27
1 87 21
718057859521627 40 43
9469086652030 73 51
992473814825027 73 57
1330949463 38 25
94 2 48
897639 4 24
92 59 17
8 28 88
147 65 88
10 39 91
13372351876 89 44
9 70 91
144 61 63
7 95 98
45 49 51
1470003 31 11
579 40 73
6862937852442 4 58
379056834726223 42 100
83 48 36
136 17 18
539467169261374 39 14
65 94 49
963944 33 2
18 51 63
725636 21 90
678 7 6
59 29 47
77748880341 11 90
2 75 94
61 21 87
208307 15 24
104 97 47
63 66 21
99958482824536 5 86
97308545 99 47
35679 2 77
54 57 52
106 99 76
117 33 62
114 60 7
11 2 17
3353 67 57
110 98 6
3412401 23 76
86719631931 93 47
37002007287558 15 59
72 35 74
7880116109914 56 15
138 16 3
77921505950 84 82
463226 79 29
971479199799584 18 39
90 33 68
19 77 3
138525743318823 54 50
8089406839 75 81
1 9 78
4765040696 53 84
131 34 67
1229 2 5
432164222 65 40
22 75 46
89 46 85
72 89 96
22755858347395 18 20
87012 82 26
9812760344 24 27
42946679 25 71
137 30 11
647067916596765 53 0
4 94 25
12 45 6
943 37 70
34 93 20
26 29 27
17798353 65 79
49543 82 96
87 15 46
553068392 93 22
37 60 60
32 33 62
58256328906181 62 53
21 92 76
60921709877 84 87
9286290 38 47
65 76 5
147 21 55
127 28 64
59 14 37
6272 48 40
8746808668 39 11
107 81 30
290585953739 82 55
12 68 3
122 5 92
659622943 64 70
7 20 30
117 9 32
61 76 66
134 73 65
878923928797 25 48
54 22 92
100 83 46
990752 26 24
80 64 50
149108 63 9
126 84 11
76 43 69
11 90 80
44 67 58
10 38 83
122 18 94
122410941696508 59 61
480343885 23 4
34 19 75
60 100 0
3 92 32
6267070893 78 85
4320 61 23
90 28 60
84 50 91
68 49 21
6570351 69 3
6357 57 42
18 36 81
63555 52 68
36257682 47 13
8719735 11 34
531945030210356 24 0
69663157770 70 20
80 85 81
6083 97 87
4687499 52 73
50 39 1
167600 37 2
99 84 90
229029 91 37
81 59 63
139 53 22
83231012 43 70
1194202206119 99 3
814263 68 58
123 56 93
13 54 82
140385817887877 92 84
120111746228982 81 100
95536424 33 43
5430089586666 84 89
127 23 12
457368199643 87 73
3187561 92 14
119 21 12
104 80 8
93 72 60
18 52 12
49426732 95 39
4332 20 96
145 8 66
123 30 69
83818356567152 2 71
781264168 83 62
124 60 94
63 40 96
113 58 25
1734 42 5
6205852407842 86 72
97010513842 49 79
87 67 28
16413166785096 74 17
593 73 15
106 77 30
33 50 15
738302847545 88 12
3 69 50
43744219728 68 89
148 7 77
354378184 10 17
34 90 14
42 63 16
669 48 46
502786407080103 52 20
140 44 98
128 17 28
1440816004 59 16
8794683882237 70 16
110 77 99
164 99 61
85 30 6
8286821957 35 70
51 22 14
23604290504 84 38
211959378 54 40
242915 28 3
67 4 16
39214 21 23
108 77 64
920145874850479 72 100
10 73 53
7264250 84 89
25 68 61
959238891556373 56 33
1330031094134 79 84
26 29 6
6 36 30
87269958158709 9 8
6175569 85 12
147 44 1
82764329640047 23 79
80 65 76
29 17 86
990557877464 10 56
203504446156424 6 57
4749677740 6 89
28 69 18
807709116 24 95
12836945 49 77
16 67 38
158346690 32 26
61340 3 71
121 57 15
8 43 48
5 46 24
89 81 5
765542875 1 47
76795990489359 73 93
916492686950 72 18
93 55 22
62 56 86
4430847 45 69
115 41 6
38 77 94
2672542104 67 91
75 19 67
39 42 85
58 54 57
109 48 49
5 80 72
111 6 47
61 32 16
866046387106128 90 100
52 88 14
68 85 48
2248 24 84
40 36 36
146 70 43
148 20 52
442489272596317 62 46
8 10 75
6035523917064 49 24
112 91 44
721606591339013 27 44
5209624 30 97
78 73 27
4 56 48
23 85 38
81 49 35
47 36 34
38 44 86
1 12 34
9151138120 49 98
33000 75 51
9284552 16 62
89 65 80
206595616890497 45 38
91 81 77
98493389 50 84
93 54 10
35 46 34
146 55 97
17 65 51
10 39 21
56 38 11
124 10 46
111 12 37
531854441214 71 70
56 65 95
70 5 66
8914536 12 59
103 56 19
1273869819530 79 59
8 24 13
121 16 69
227580 77 64
7250496 13 81
803319 11 96
95141235607 57 72
2787856969342 66 80
45 18 40
28255886095 40 16
651333246819 94 28
909976752100212 49 0
97 26 87
95 87 99
97 36 97
22157 60 30
1896067065 36 84
47608948 11 38
204100534705767 34 0
29021969 16 69
116 61 89
16624 32 63
195 16 61
2127585 71 92
478718794078534 45 0
50 67 41
19 19 30
1086397325490 35 65
58535871 96 73
79 32 2
2 3 9
186 95 45
119 40 3
2030655522 55 61
136 68 97
75987133773840 80 17
965033724259 7 45
92 3 19
119 59 47
6141 97 30
6 26 33
148 67 6
3936757512 47 26
8554 23 98
99 57 87
1366963 41 38
29 4 55
863 95 67
51 11 90
139 31 42
64 16 19
26 9 27
146 48 62
125 49 39
85 8 5
259554179 18 5
57943267510 60 20
5047 14 34
48 65 20
122 74 96
2341497448 5 22
125 95 74
124 96 40
64865623037 47 70
76 30 49
36 8 95
27 53 74
51120431 33 42
35 79 68
663 98 52
5 1 84
97 52 55
136 44 13
8 24 66
59 49 68
902133865440 33 95
7506633036384 86 43
50 33 20
6 70 49
17 76 20
79 86 93
735583439 56 50
85 74 24
1 50 29
52 22 94
7 14 58
126 83 77
88 72 8
36 36 78
224 57 8
942579 56 86
30878666 65 25
66 35 36
2169278 20 80
9 63 94
50 14 68
402778258141735 81 89
61 42 19
71 80 84
9830342411646 87 68
63 76 9
127 70 28
1372316302 98 72
15 1 90
8115327674037 55 61
139 85 21
260755609976 22 76
12 68 93
778064421085185 32 0
