100
10 9 65
10 42 16
4 29 32
3 45 75
10 30 56
4 14 11
6 80 4
9 28 17
10 10 14
9 50 100
10 86 70
2 20 98
7 40 92
3 91 46
6 20 58
3 86 79
10 81 85
3 36 3
9 19 98
10 26 100
3 59 96
1 50 53
3 40 76
10 84 23
1 19 9
4 25 35
10 95 97
1 34 57
9 59 96
6 44 17
7 70 67
7 60 53
6 50 46
3 68 74
10 54 13
2 50 73
8 91 19
7 30 35
5 60 39
8 10 73
9 70 42
10 56 6
6 29 62
3 96 53
3 25 41
9 36 50
4 19 50
6 84 85
2 97 93
3 43 9
6 47 40
1 64 100
5 50 0
10 28 43
2 0 100
7 73 33
10 28 35
6 91 79
10 53 78
9 28 60
6 73 56
10 70 12
6 70 63
7 61 64
1 72 92
2 39 84
8 99 29
8 66 88
3 75 6
6 75 26
7 65 1
10 95 64
7 41 44
2 100 0
10 7 35
1 50 39
5 4 17
4 60 44
4 75 63
1 71 0
10 61 17
4 77 78
5 4 4
3 75 65
8 70 63
10 89 16
8 99 25
2 50 12
2 100 100
10 55 63
1 50 39
10 51 85
2 50 76
6 81 64
10 28 77
10 76 37
10 73 98
6 90 98
3 55 10
2 0 0
