100
1 55 69
10 90 80
10 0 100
3 26 78
7 50 0
1 26 0
3 16 26
1 70 77
10 83 48
1 50 58
7 30 62
10 46 16
9 10 55
6 85 54
1 50 54
7 78 5
8 49 56
5 95 86
10 8 46
10 0 0
5 22 47
2 15 12
6 12 50
10 25 100
4 75 32
3 41 91
3 80 65
2 20 41
9 34 11
4 4 23
9 10 13
6 43 11
5 36 47
9 93 54
8 57 1
9 90 25
6 39 30
2 62 29
1 33 87
3 83 87
3 25 78
8 46 99
5 36 41
2 59 47
10 67 37
10 99 52
7 42 2
10 96 61
10 24 76
8 40 82
4 15 10
8 70 96
4 92 50
10 61 65
10 31 12
6 90 34
3 80 60
7 78 17
2 50 72
5 25 71
1 23 32
4 84 68
5 91 70
9 49 97
10 84 14
2 75 83
8 50 100
9 34 95
5 11 28
1 98 100
4 76 16
2 50 88
10 5 30
1 18 60
5 20 33
8 87 51
7 74 46
2 19 3
10 85 26
8 17 70
2 50 39
4 35 66
2 75 57
5 48 58
7 13 77
10 14 60
3 21 67
10 70 60
10 57 61
2 80 83
5 25 76
10 90 52
10 85 24
5 100 100
5 60 10
5 50 7
5 5 84
10 82 75
1 50 5
2 100 0
