100
10 22 66
6 98 81
2 81 41
10 22 77
2 52 5
1 50 21
2 75 66
9 70 42
7 80 45
3 52 9
5 50 100
5 17 50
2 50 43
1 16 62
9 11 82
1 60 0
7 1 85
10 10 4
3 40 27
4 98 99
7 10 95
7 20 25
4 83 78
2 40 45
7 12 58
10 78 21
4 100 100
10 74 58
3 75 39
8 12 24
7 30 73
10 83 61
10 96 60
10 54 85
10 70 11
10 57 88
5 0 100
1 50 79
5 75 61
6 69 54
8 88 20
8 67 91
10 55 52
8 93 4
4 90 98
8 15 35
2 93 47
1 96 28
10 47 86
6 76 66
2 87 50
2 80 22
2 10 54
7 12 91
1 92 71
1 73 37
2 50 7
10 45 38
5 73 10
10 12 76
10 4 87
7 80 97
6 80 58
2 98 38
1 77 68
3 50 0
6 65 16
10 12 100
8 0 0
10 90 80
5 75 27
1 50 69
7 24 4
9 84 27
2 95 17
10 94 22
2 75 14
2 59 63
9 30 72
8 44 40
6 49 24
5 100 0
7 25 70
3 21 63
3 60 25
4 20 5
10 95 27
7 34 96
7 43 75
10 24 69
10 51 72
10 30 86
4 83 45
4 75 81
10 85 45
3 8 84
2 50 65
10 54 18
1 32 100
5 76 1
