40
3 2 100
3 5 7
4 8 16
1 20 5 2
3 2 50
3 5 75
10 61 119
7920 40 5040 24 4320 60 9360 6480 12 30
5 5873 6901
6072 7820 4219 4794 199
5 8946 9695
6189 3894 2263 4732 9063
100 1 10000
4154 3148 9823 3627 947 9833 9859 4462 9693 7122 9277 5498 2049 5570 2325 6013 4036 6834 810 3822 5384 8613 8106 4176 9409 7010 8555 9141 3487 4894 4107 829 3947 5398 5973 5672 7774 2886 6803 3712 8317 628 8405 575 5689 5269 1864 154 4290 1272 5107 8424 5439 5216 8043 8217 6460 7720 7214 9465 1331 4686 9970 8463 1292 8122 2422 4438 1075 3394 8807 5530 7087 6557 4973 3288 7956 1256 9343 928 1501 5336 6651 6115 8222 5924 6111 1424 4198 5646 668 1509 774 2820 5776 2485 9773 8931 2043 6389
5 6591 7309
4398 5281 7371 3693 2473
7 5 10000
9942 9822 9726 9978 9762 9714 9678
5 9496 9880
3327 2836 3480 1334 747
6 2 10000
9929 9949 9967 9931 9973 9941
5 6625 9127
875 3815 7708 464 6401
5 7239 7314
7693 5488 7109 9652 6161
5 1508 8397
3464 9562 2168 1825 5640
13 2 10000
1 1 1 1 1 1 8633 1 1 1 1 8633 8633
13 1 10000
4816 5884 2296 8537 3829 3895 1327 6858 1753 5786 466 8064 1215
10 2 10000
5 1 2 11 15 7 10 2310 6 3
5 8409 9135
7426 6720 5754 4369 2277
10 61 119
2520 5 15 5760 9720 12 30 7560 4680 20
100 2 10000
1608 1675 2278 335 4154 3551 5494 1340 3752 3886 3283 5829 5762 6164 3149 3015 6298 1876 2479 1474 6700 1139 5226 5025 4623 2948 1742 3484 5561 5360 2814 6231 1206 2010 2546 5963 2747 5427 2881 1005 5695 5092 268 6365 670 4556 804 3417 3685 402 4020 2077 3082 4355 4891 6432 603 737 4958 3216 1273 6633 2680 4422 3350 4690 5159 4757 1943 5628 6499 4824 3618 3819 1809 1407 4087 5293 6767 6566 2211 2144 6030 5896 1072 2345 536 201 871 3953 469 4489 1541 4221 6097 938 2613 134 2412 4288
2 5001 10000
5000 2500
5 3676 7915
5193 355 4112 5404 7714
51 91 180
18 18 540 540 18 18 18 18 540 540 540 18 18 540 540 18 18 18 540 540 18 18 540 540 540 540 540 540 18 18 18 540 540 18 18 540 540 18 540 540 18 18 540 540 18 18 540 540 18 540 18
5 1219 4392
6882 1189 2868 271 3277
10 2 10000
7 1 15 2 11 5 30 10 6 3
5 1811 4646
3269 8138 3758 5450 2323
5 4641 8114
7040 2911 9640 3561 4689
51 2827 5651
5652 5652 2826 5652 2826 2826 2826 5652 5652 2826 2826 2826 5652 5652 2826 2826 5652 2826 5652 2826 2826 5652 2826 5652 2826 5652 5652 5652 2826 5652 5652 5652 2826 2826 5652 5652 2826 5652 5652 2826 2826 2826 5652 2826 2826 5652 2826 5652 5652 2826 5652
5 1728 4637
9193 2519 6099 7687 7035
50 2 10000
1 70 56 9 40 1680 15 252 210 280 35 180 720 126 504 144 360 105 168 72 315 4 120 630 60 1260 560 20 24 112 336 3 63 420 45 16 6 1008 10 80 840 48 7 140 8 2520 28 5040 36 5
5 1105 6780
8464 6635 7516 2705 7098
5 714 6990
9962 4885 4154 1102 5593
5 7654 8198
2619 8485 9269 8945 8152
5 5209 5301
1226 8621 1556 2680 8005
100 9 24
2808 984 9648 5544 8064 1344 7800 8856 9096 672 5976 4080 1320 6264 7560 504 696 816 1176 5736 264 4296 9168 2424 648 4992 8736 9624 3768 6312 9888 2136 3720 9408 9288 1080 4224 7272 3336 9672 2880 7944 3168 6552 6744 4872 840 3864 2664 6408 4656 7368 2232 4248 9504 1104 9840 7464 3648 4896 2520 4200 4968 1464 2856 2088 720 8448 7728 384 1584 5520 3192 6768 2640 2016 7536 8520 9720 4176 768 9360 5184 2472 6504 5952 3792 1968 7608 912 8832 336 6336 5040 3456 5568 6456 1776 6240 3240
4 2 10000
49 17 3 4
5 734 3364
8156 5051 5079 2379 7535
5 6628 9460
3333 53 9382 2720 4118
10 8301 9961
2 83 415 332 20 4 830 5 10 166
5 6923 8205
2387 7148 1908 4591 2214
