40
3 2 100
3 5 7
4 8 16
1 20 5 2
5 7690 7928
7439 5342 4931 4343 8883
6 2 10000
9929 9967 9949 9973 9941 9931
5 8889 9012
6018 7941 1762 3329 3516
5 5877 6355
2192 752 8653 5565 5424
10 2 10000
2 5 1 7 3 10 11 15 2310 6
100 2 10000
5612 2318 1952 4331 183 305 2623 6161 2257 4758 4209 3660 5795 2074 244 3538 6039 3172 4392 5551 4880 6100 4697 5734 1586 488 793 5002 5185 366 427 2867 2989 1159 3477 2501 4087 3904 3721 1525 2562 122 2806 2013 4148 1098 4575 5429 1830 854 4819 1708 1891 3843 732 3599 3294 5368 3111 3965 2745 2379 3416 1281 2684 5856 3355 4453 2196 671 5978 610 4026 4636 5490 549 5124 4941 5673 5063 3782 1647 1769 2135 1037 1464 2440 3050 2928 3233 5246 1403 5307 4514 4270 1220 915 976 5917 1342
5 9173 9427
2457 7636 7721 9962 3299
5 8630 9162
6047 4080 2368 931 3734
4 2 10000
4 3 17 49
100 17 48
6144 9600 5232 2352 7488 5616 1104 5040 9120 9552 2592 3744 4320 8736 8592 9216 528 9024 7536 8112 7200 3648 3360 5184 4944 8352 1344 7824 2400 1824 4368 1392 8208 7920 768 3888 1008 4848 960 1296 4800 2688 3984 912 2544 3600 8640 2976 3552 2880 1968 7872 7344 1152 3696 1920 8544 5664 6048 3120 2640 6672 9312 1440 6480 624 2304 4896 4560 6096 1776 2928 8016 4128 9360 6240 3936 1488 5376 2256 5952 2832 3216 6432 9696 3504 3408 7728 4224 4416 6336 7440 8448 4704 5472 2208 5808 5280 8784 7008
50 2 10000
6 5040 30 120 336 360 2 5 1008 24 35 84 3 720 1 12 112 20 315 504 40 420 48 1260 630 15 210 4 105 72 840 240 63 10 21 126 168 560 45 2520 16 14 144 7 28 60 1680 180 80 9
13 1 10000
2927 6426 982 6761 2492 5193 5340 6967 584 3753 5659 8826 5273
3 2 50
3 5 75
5 2070 9704
6133 4291 1429 1050 7118
51 1251 2500
250 7500 7500 7500 250 250 250 250 250 7500 250 250 250 250 250 7500 250 7500 7500 250 250 7500 7500 7500 250 7500 7500 250 7500 7500 7500 250 250 250 7500 7500 7500 250 250 250 7500 7500 250 7500 250 7500 250 7500 7500 7500 7500
9 2 10000
1 8633 8633 1 8633 1 1 8633 8633
10 61 119
6 1440 6480 40 9360 30 3 60 5040 4320
100 1 10000
4961 3525 8095 6598 1196 1080 8222 9604 5582 4985 6420 4089 785 1915 3329 2745 851 2722 4980 4826 993 9082 8734 4075 406 9534 8760 8532 6419 4869 4450 2384 2706 8928 2128 2860 9344 3674 3558 2300 7046 5576 3413 594 405 3701 4205 1937 9714 3038 5823 9193 7144 3577 7224 5564 1610 7328 4454 3187 8809 5045 973 8007 77 3325 3817 5665 2052 8397 6993 5050 2379 5016 1829 1598 3685 4725 5431 3150 9863 5160 1349 8463 3245 3365 6987 6382 3164 4474 8833 3849 2232 7092 1242 9964 2425 1914 736 9589
10 61 119
20 7920 5 7560 6 30 10 4680 2160 2520
5 1953 6804
4701 8903 1121 2244 1210
5 4020 6858
4768 3629 3339 1691 5122
10 8301 9961
20 83 415 5 10 830 332 4 166 2
5 2367 9305
1560 4934 1871 6507 4998
5 477 5463
9259 8353 1790 8011 5331
51 1897 3791
3792 1896 1896 1896 3792 3792 3792 3792 3792 3792 1896 1896 1896 3792 1896 3792 1896 3792 1896 3792 3792 3792 3792 3792 1896 3792 1896 1896 3792 3792 3792 1896 3792 1896 1896 1896 3792 1896 3792 1896 3792 1896 3792 1896 1896 1896 1896 1896 3792 1896 3792
7 5 10000
9942 9726 9678 9762 9822 9978 9714
5 1731 6653
1657 3760 6285 2938 3498
5 8333 9915
9563 4853 7547 1005 1934
5 8767 9573
411 8167 7528 409 9633
2 5001 10000
2500 5000
5 1389 3537
9450 6922 326 9689 7513
5 7739 8070
617 4299 1035 1461 4040
10 2 10000
11 1 10 30 2 6 15 3 5 7
5 16 593
7823 1103 1874 1702 8883
5 4513 6501
1286 6237 1585 6697 8857
5 6830 9852
4870 5473 490 629 6509
5 9491 9942
1808 9131 9342 9909 7179
5 4900 9309
5659 9225 4300 8872 7776
