40
3 2 100
3 5 7
4 8 16
1 20 5 2
100 1 10000
1330 5054 359 5508 2924 2636 2644 3423 5322 9154 8113 3031 9314 9217 1340 8156 4909 2093 6163 8880 5740 4872 5697 5159 9920 1208 2996 3475 1590 7237 1516 9726 6364 3517 6720 9197 5186 3906 9477 5425 6583 2818 1597 7505 2895 2180 3527 4929 2140 6123 8150 4558 169 7350 4513 66 5545 7351 3302 4856 4819 8646 1165 2174 3180 3678 5200 3764 5522 1667 6242 1144 605 6592 6446 4859 5126 9537 9397 905 603 217 4989 813 2517 6526 5073 8565 6442 8305 7803 7032 6252 9510 8744 1990 3062 9354 1108 7927
7 5 10000
9942 9678 9978 9714 9726 9822 9762
10 61 119
5040 4320 5760 6480 60 40 7920 20 6 24
5 3230 4187
4252 4276 8640 5010 1476
2 5001 10000
2500 5000
4 2 10000
17 49 4 3
5 4491 7527
8430 3441 246 155 3094
100 9 24
4152 576 7392 2232 8208 4800 312 7944 6216 6480 1080 3552 4368 264 9072 5568 1392 7416 8808 5784 8976 4608 3216 7896 4992 9552 6024 888 2808 5880 8016 3072 7488 1992 3528 4728 8064 6816 2352 8448 360 7008 9720 5832 1560 2880 384 600 6624 8040 1128 3360 7848 8352 3816 2592 2904 6072 2064 8856 1224 8688 3240 5232 6864 7992 6432 1032 1440 288 504 528 9456 6336 1824 9144 7200 7080 9504 1488 3000 6960 5640 9120 8160 2928 9192 2616 7536 9336 1680 8592 9696 3576 9888 7176 2016 6984 816 4128
3 2 50
3 5 75
5 8871 9970
8500 1249 3086 1026 3531
5 4129 4340
6664 4132 8734 742 1846
5 2101 7741
7651 8334 468 3538 8054
5 6055 9839
5238 1047 8828 5736 4642
5 9952 9954
914 6744 9925 3907 8491
5 3331 5217
7715 1774 8591 8940 4990
10 2 10000
1 2310 10 2 7 5 11 6 3 15
5 1464 3050
486 9304 9444 8840 3359
5 6333 8744
8632 5902 3460 5646 8957
10 2 10000
11 10 2 1 3 5 6 30 15 7
13 1 10000
2174 9186 7584 3316 4092 6153 198 2159 8199 5041 8637 6033 7911
100 2 10000
952 1088 697 663 442 1513 272 918 1479 238 544 1564 476 969 68 153 1326 1054 901 1241 629 323 1343 306 1275 1411 408 612 340 85 561 1700 1037 1683 1173 510 748 816 1547 1071 680 374 714 833 425 136 1632 493 935 102 204 986 884 1462 1122 187 867 850 1020 34 1292 1258 1598 1496 289 1139 1428 1224 1581 1530 646 578 731 221 1649 782 255 1717 357 595 1394 1377 51 1360 459 1666 1309 1156 1615 765 1105 1445 799 391 527 1003 1190 119 170 1207
13 2 10000
8633 8633 8633 8633 8633 1 8633 8633 1 8633 1 8633 1
6 2 10000
9931 9967 9973 9929 9941 9949
5 7827 8261
5801 199 9545 3404 2096
5 8826 9129
1858 9784 8176 5657 1064
51 621 1240
124 124 3720 3720 3720 124 3720 3720 3720 124 3720 124 3720 3720 3720 124 3720 124 124 124 124 124 3720 124 124 3720 3720 124 3720 124 3720 3720 3720 3720 124 124 124 124 124 124 3720 3720 3720 3720 3720 3720 124 124 3720 124 124
10 61 119
20 6 3 8640 4680 30 3600 2 2520 7560
5 1644 2520
3775 9662 6710 3267 9805
5 4859 9876
3120 3663 5920 9757 6670
5 6082 8287
4568 1023 553 607 3549
10 8281 9937
69 207 92 552 828 276 72 184 138 414
5 2936 5014
2618 413 3560 2320 5486
5 4935 8370
4459 9502 6396 9615 4297
5 5027 6381
9 9790 2473 7845 711
5 5066 9664
7173 9794 5602 7065 9472
50 2 10000
15 360 42 2520 1008 240 6 70 48 840 16 80 7 12 4 72 720 24 5040 180 40 315 9 1680 112 144 56 84 30 8 504 90 63 1 140 3 36 35 210 14 630 28 5 1260 2 45 420 336 21 560
51 764 1525
1526 763 1526 763 763 1526 763 763 1526 763 1526 1526 1526 1526 1526 1526 763 763 763 1526 763 763 1526 1526 1526 1526 1526 763 763 763 1526 1526 763 763 1526 1526 763 1526 1526 763 763 763 1526 1526 763 763 1526 763 1526 763 763
5 3837 7349
9310 9401 1381 4095 9427
